v2

name: Sun_1
radius: 695700.0
mass: 333054.0
vX: -3499.9723307103886
vY: -7388.8936706576515
vZ: 0.0
color-r: 0.96862745
color-g: 0.9882353
color-b: 1.0
color-a: 1.0
x: -3.000519546716803
y: -4.13540748209057
z: 0.0

name: Sun_2
radius: 695700.0
mass: 333054.0
vX: 3460.9254830471027
vY: 7145.9528909960245
vZ: 0.0
color-r: 0.96862745
color-g: 0.9882353
color-b: 1.0
color-a: 1.0
x: 1.568415111770263
y: -5.506913186940805
z: 0.0

