v2

name: Test
radius: 695700.0
mass: 333054.0
vX: -8.0950519636734785678
vY: 10.079420705729289054
vZ: 0.18130337691409920131
texture: ./Planet Textures/test.jpg
color-r: 0.8901961
color-g: 0.6509804
color-b: 0.0
color-a: 1.0
x:  2.578904369581140E-03
y:  5.322460861326624E-03
z:  -1.383592844831597E-04